% GA rate dependent model (combined objective)
xval=[
    0.2930    0.0000   58.6651  125.1442    0.0749    0.0645   29.9599  213.8190  168.5776  162.4461  115.2355   51.3414]

xval2=[0.937078813531588	0.503548621430630	0.00192301858969346	49.9983203489680	0.0301521019929124	0.491083311656836	23.5189787403864	272.731860103970	320.864693363110	379.285171937587	311.321081095479	0.561269124841637]
xval3=[0.302392616598730	0.448996372162889	0.00559814182104557	69.9999925657425	0.0256375726083080	0.386016611652629	17.1346457968944	310.656532433814	248.855455797965	499.997620431285	311.854897082668	6.31571454110607]
xval4=[0.891819133849619	0.320846077052094	0.0158783828974944	199.965066289179	0.0406355087762351	0.322790856882794	8.97372546049887	254.551466042800	158.428075057570	893.670756097602	419.805665375166	9.07740490620266]
xval5=[1.46165327998721	0.0452108301970136	0.000539172598864379	315.968807825186	0.0259948554676982	0.188203001624033	38.3928320178074	221.662064812979	496.109589337579	851.115512072133	571.760519916104	10.3189334003775]

% for 1st 3 rates only nmad (obj=obj1+obj2+obj3)
xval=[1.79111015586694	0.820931890682098	0.0283781719966807	0.0102766106044237	0.671271729371804	24.0702806849056	403.944422897755	389.816894766189	536.619439652092	31.9925284181082]
%% for 1st 2nd rates only nmad (obj=obj1+obj2) 
mu0          =   x(1);
mu1          =   x(2);
mu2          =   x(3);
b01          =   x(4);
b02          =   x(5);
b1           =   x(6);
b2           =   x(7);
xval=[2.6590    0.0000    5.4914   16.1243  490.0085  366.8122  409.2413]
%%  for 1st 2nd rates only nmad (obj=obj1+obj2)
mu01        =   x(1);
mu02        =   x(2);
mu1         =   x(3);
mu2         =   x(4);
b01         =   x(5);
b02         =   x(6);
b1          =   x(7);
b2          =   x(8);
xval=[0.2433    0.2081    0.0672    0.1582   17.0787  243.1999  238.4843    1.9585]
%% for 1st 2nd rates only nmad (obj=obj1+obj2) Best: 16.5776 Mean: 16.6057
mu0         =   x(1);
mu11        =   x(2);
mu12        =   x(3);
mu2         =   x(4);
b01         =   x(5);
b02         =   x(6);
b1          =   x(7);
b2          =   x(8);
xval        =   [0.642863412768529	0.0350915342356658	0.00762795648501591	0.501531515180242	0.00289643994695576	446.362401244958	420.331634294746	0.000891955313583992]
%%  for 1st 2nd rates only nmad (obj=obj1+obj2) Best: 16.5776 Mean: 16.6057 Best: 78.1598 Mean: 83.4681
mu01            =   x(1);
mu02            =   x(2);
mu1             =   x(3);
mu2             =   x(4);
b0              =   x(5);
b1              =   x(6);
b2              =   x(7);
parameters1     =   [mu01,mu1,mu2,b0,b1,b2];
parameters2     =   [mu02,mu1,mu2,b0,b1,b2];
xval            =   [2.6785    1.2232    0.0000    4.1780   98.1225  256.5948   92.3266]
%% for 1st rate only nmad (obj=obj1)  Best: 9.73481 Mean: 14.7043
mu0             =   x(1);
mu1             =   x(2);
mu2             =   x(3);
b0              =   x(4);
b1              =   x(5);
b2              =   x(6);
parameters1     =   [mu0,mu1,mu2,b0,b1,b2];
xval            =   [1.1997    0.0298    0.6041   36.4633  215.3859    0.0229]
